step_index,timestamp_perf_counter,execution_time_s,raw_action,applied_delta,executed_delta,target_position,actual_move,retries,raw_action_norm,applied_delta_norm,executed_action_norm,action_delta_norm,done,success,use_action_smoothing,smooth_alpha,max_action_abs,clipped_delta,smoothed_delta,raw_delta_norm,clipped_delta_norm,smoothed_delta_norm,smoothing_delta_norm,step_delta_norm,target_color,target_x,target_y,target_z_initial,ee_x,ee_y,ee_z,target_z_current,xy_error_to_target,gripper_cmd
0,40586.315036363,0.00024974600091809407,"[-0.005638568383988501, 0.0028086205280326566, -0.0006460243135818517, 0.0, 0.0, 0.0, 0.0]","[-0.005638568383988501, 0.0028086205280326566, -0.0006460243135818517]","[-0.005638568383988501, 0.0028086205280326566, -0.0006460243135818517]","[-0.005638491974838382, 0.15009580587003532, 0.09356244741763284]","[-0.005638568383988501, 0.002808620528032657, -0.00064602431358185]",0,0.006332388972981684,0.006332388972981684,0.006332388972981684,0.0,False,True,False,0.6,,"[-0.005638568383988501, 0.0028086205280326566, -0.0006460243135818517]","[-0.005638568383988501, 0.0028086205280326566, -0.0006460243135818517]",0.006332388972981684,0.006332388972981684,0.006332388972981684,0.0,0.0,red,-0.07116807997226715,0.24537844955921173,0.009977093897759914,7.640915011936177e-08,0.14728718534200266,0.09420847173121469,0.009977093897759914,0.12118911914219108,0.0
1,40586.919276578,0.00022790399816585705,"[-0.010089725668998618, 0.005828611323132874, -0.0020644457752487678, 0.0, 0.0, 0.0, 0.0]","[-0.010089725668998618, 0.005828611323132874, -0.0020644457752487678]","[-0.010089725668998618, 0.005828611323132874, -0.0020644457752487678]","[-0.015711306552697802, 0.1555291529206017, 0.09128961461805439]","[-0.010089725668998618, 0.005828611323132865, -0.002064445775248766]",0,0.011833731887732832,0.011833731887732832,0.011833731887732832,0.0,False,True,False,0.6,,"[-0.010089725668998618, 0.005828611323132874, -0.0020644457752487678]","[-0.010089725668998618, 0.005828611323132874, -0.0020644457752487678]",0.011833731887732832,0.011833731887732832,0.011833731887732832,0.0,0.005562828868597882,red,-0.07116807997226715,0.24537844955921173,0.009977093897759914,-0.005621580883699184,0.14970054159746884,0.09335406039330316,0.00997709110379219,0.11597674600842785,0.0
2,40587.527911252,0.0002822259993990883,"[-0.010089725668998618, 0.00599638858952733, -0.0020644457752487678, 0.0, 0.0, 0.0, 0.0]","[-0.010089725668998618, 0.00599638858952733, -0.0020644457752487678]","[-0.010089725668998618, 0.00599638858952733, -0.0020644457752487678]","[-0.02572277033847607, 0.16079003247196064, 0.08915233081572156]","[-0.010089725668998618, 0.005996388589527335, -0.002064445775248766]",0,0.011917263803038248,0.011917263803038248,0.011917263803038248,0.0,False,True,False,0.6,,"[-0.010089725668998618, 0.00599638858952733, -0.0020644457752487678]","[-0.010089725668998618, 0.00599638858952733, -0.0020644457752487678]",0.011917263803038248,0.011917263803038248,0.011917263803038248,0.0,0.000167777266394456,red,-0.07116807997226715,0.24537844955921173,0.009977093897759914,-0.01563304466947745,0.1547936438824333,0.09121677659097033,0.009977087378501892,0.10625322190682882,0.0
3,40588.124543734,0.00023588900512550026,"[-0.006263292213463605, 0.010190820249388744, -0.0034119461638323374, 0.0, 0.0, 0.0, 0.0]","[-0.006263292213463605, 0.010190820249388744, -0.0034119461638323374]","[-0.006263292213463605, 0.010190820249388744, -0.0034119461638323374]","[-0.0318453801113613, 0.17017852749037657, 0.08562312436855311]","[-0.006263292213463605, 0.010190820249388749, -0.0034119461638323356]",0,0.01243877097351164,0.01243877097351164,0.01243877097351164,0.0,False,True,False,0.6,,"[-0.006263292213463605, 0.010190820249388744, -0.0034119461638323374]","[-0.006263292213463605, 0.010190820249388744, -0.0034119461638323374]",0.01243877097351164,0.01243877097351164,0.01243877097351164,0.0,0.005835289815949014,red,-0.07116807997226715,0.24537844955921173,0.009977093897759914,-0.025582087897897697,0.15998770724098782,0.08903507053238545,0.009977086447179317,0.09679701207713898,0.0
4,40588.683867547,0.00021606300288112834,"[-0.0040767588103007395, 0.012595627734375954, 0.0021908186097519787, 0.0, 0.0, 0.0, 0.0]","[-0.0040767588103007395, 0.012595627734375954, 0.0021908186097519787]","[-0.0040767588103007395, 0.012595627734375954, 0.0021908186097519787]","[-0.03569490233660197, 0.18156950648785938, 0.08779694978702511]","[-0.004076758810300736, 0.012595627734375947, 0.002190818609751982]",0,0.013418997227855032,0.013418997227855032,0.013418997227855032,0.0,False,True,False,0.6,,"[-0.0040767588103007395, 0.012595627734375954, 0.0021908186097519787]","[-0.0040767588103007395, 0.012595627734375954, 0.0021908186097519787]",0.013418997227855032,0.013418997227855032,0.013418997227855032,0.0,0.006477267978948748,red,-0.07116807997226715,0.24537844955921173,0.009977093897759914,-0.03161814352630123,0.16897387875348344,0.08560613117727313,0.009977085515856743,0.08603403926869581,0.0
5,40589.301562413,0.0002532319995225407,"[-0.0040767588103007395, 0.012595627734375954, 0.0021908186097519787, 0.0, 0.0, 0.0, 0.0]","[-0.0040767588103007395, 0.012595627734375954, 0.0021908186097519787]","[-0.0040767588103007395, 0.012595627734375954, 0.0021908186097519787]","[-0.039491951896834535, 0.19274642414928075, 0.08919418785437827]","[-0.004076758810300743, 0.012595627734375947, 0.002190818609751982]",0,0.013418997227855032,0.013418997227855032,0.013418997227855032,0.0,False,True,False,0.6,,"[-0.0040767588103007395, 0.012595627734375954, 0.0021908186097519787]","[-0.0040767588103007395, 0.012595627734375954, 0.0021908186097519787]",0.013418997227855032,0.013418997227855032,0.013418997227855032,0.0,0.0,red,-0.07116807997226715,0.24537844955921173,0.009977093897759914,-0.03541519308653379,0.1801507964149048,0.08700336924462629,0.009977085515856743,0.0743835711389152,0.0
6,40589.914440327,0.00031386400223709643,"[-0.0040767588103007395, 0.012819330756235231, 0.0021908186097519787, 0.0, 0.0, 0.0, 0.0]","[-0.0040767588103007395, 0.012819330756235231, 0.0021908186097519787]","[-0.0040767588103007395, 0.012819330756235231, 0.0021908186097519787]","[-0.04327969353458079, 0.2, 0.09048802902231366]","[-0.004076758810300736, 0.00866036938562939, 0.002190818609751982]",0,0.013629192551870372,0.013629192551870372,0.013629192551870372,0.0,False,True,False,0.6,,"[-0.0040767588103007395, 0.012819330756235231, 0.0021908186097519787]","[-0.0040767588103007395, 0.012819330756235231, 0.0021908186097519787]",0.013629192551870372,0.013629192551870372,0.013629192551870372,0.0,0.00022370302185927698,red,-0.07116807997226715,0.24537844955921173,0.009977093897759914,-0.039202934724280054,0.19133963061437062,0.08829721041256168,0.009977085515856743,0.06278506561020886,0.0
7,40590.470748543,0.00030010900081833825,"[-0.0040767588103007395, 0.012819330756235231, 0.0029000293405854367, 0.0, 0.0, 0.0, 0.0]","[-0.0040767588103007395, 0.012819330756235231, 0.0029000293405854367]","[-0.0040767588103007395, 0.012819330756235231, 0.0029000293405854367]","[-0.04714097808783481, 0.2, 0.09244284289186272]","[-0.004076758810300743, 0.0009915762953289498, 0.0029000293405854333]",0,0.013761009178522469,0.013761009178522469,0.013761009178522469,0.0,False,True,False,0.6,,"[-0.0040767588103007395, 0.012819330756235231, 0.0029000293405854367]","[-0.0040767588103007395, 0.012819330756235231, 0.0029000293405854367]",0.013761009178522469,0.013761009178522469,0.013761009178522469,0.0,0.000709210730833458,red,-0.07116807997226715,0.24537844955921173,0.009977093897759914,-0.043064219277534066,0.19900842370467106,0.08954281355127729,0.009977084584534168,0.05422182479131197,0.0
8,40591.07847549,0.00031280300026992336,"[-0.0040767588103007395, 0.01091785507043139, 0.0029000293405854367, 0.0, 0.0, 0.0, 0.0]","[-0.0040767588103007395, 0.01091785507043139, 0.0029000293405854367]","[-0.0040767588103007395, 0.01091785507043139, 0.0029000293405854367]","[-0.05115256497124199, 0.2, 0.09435074875556575]","[-0.004076758810300743, 0.0002713830322076394, 0.0029000293405854333]",0,0.012009566682964275,0.012009566682964275,0.012009566682964275,0.0,False,True,False,0.6,,"[-0.0040767588103007395, 0.01091785507043139, 0.0029000293405854367]","[-0.0040767588103007395, 0.01091785507043139, 0.0029000293405854367]",0.012009566682964275,0.012009566682964275,0.012009566682964275,0.0,0.0019014756858038405,red,-0.07116807997226715,0.24537844955921173,0.009977093897759914,-0.047075806160941244,0.19972861696779237,0.09145071941498031,0.009977084584534168,0.05161729238370135,0.0
9,40591.684471874,0.0003139649998047389,"[-0.003686306416878801, 0.011253409603220303, 0.0021908186097519787, 0.0, 0.0, 0.0, 0.0]","[-0.003686306416878801, 0.011253409603220303, 0.0021908186097519787]","[-0.003686306416878801, 0.011253409603220303, 0.0021908186097519787]","[-0.05478480009948005, 0.2, 0.09554051457775703]","[-0.0036863064168788026, 0.00020656757236775514, 0.002190818609751982]",0,0.012042747563484354,0.012042747563484354,0.012042747563484354,0.0,False,True,False,0.6,,"[-0.003686306416878801, 0.011253409603220303, 0.0021908186097519787]","[-0.003686306416878801, 0.011253409603220303, 0.0021908186097519787]",0.012042747563484354,0.012042747563484354,0.012042747563484354,0.0,0.000876373080790044,red,-0.07116807997226715,0.24537844955921173,0.009977093897759914,-0.05109849368260125,0.19979343242763226,0.09334969596800505,0.009977084584534168,0.04980745005242428,0.0
10,40592.291232051,0.00025643799745012075,"[-0.003530125459510024, 0.0068912006769644325, 0.0015525289520018672, 0.0, 0.0, 0.0, 0.0]","[-0.003530125459510024, 0.0068912006769644325, 0.0015525289520018672]","[-0.003530125459510024, 0.0068912006769644325, 0.0015525289520018672]","[-0.058255011854687525, 0.2, 0.09614657052729915]","[-0.0035301254595100223, 0.000190744738408688, 0.0015525289520018637]",0,0.007896884111906413,0.007896884111906413,0.007896884111906413,0.0,False,True,False,0.6,,"[-0.003530125459510024, 0.0068912006769644325, 0.0015525289520018672]","[-0.003530125459510024, 0.0068912006769644325, 0.0015525289520018672]",0.007896884111906413,0.007896884111906413,0.007896884111906413,0.0,0.0044114252679765265,red,-0.07116807997226715,0.24537844955921173,0.009977093897759914,-0.0547248863951775,0.19980925526159132,0.09459404157529729,0.009977084584534168,0.0484451244600313,0.0
11,40592.931257636,0.000258260995906312,"[-0.003530125459510024, 0.0068912006769644325, 0.0015525289520018672, 0.0, 0.0, 0.0, 0.0]","[-0.003530125459510024, 0.0068912006769644325, 0.0015525289520018672]","[-0.003530125459510024, 0.0068912006769644325, 0.0015525289520018672]","[-0.061712617955425805, 0.2, 0.09680441523775658]","[-0.0035301254595100223, 0.0001842435644213991, 0.0015525289520018637]",0,0.007896884111906413,0.007896884111906413,0.007896884111906413,0.0,False,True,False,0.6,,"[-0.003530125459510024, 0.0068912006769644325, 0.0015525289520018672]","[-0.003530125459510024, 0.0068912006769644325, 0.0015525289520018672]",0.007896884111906413,0.007896884111906413,0.007896884111906413,0.0,0.0,red,-0.07116807997226715,0.24537844955921173,0.009977093897759914,-0.05818249249591578,0.1998157564355786,0.09525188628575472,0.009977084584534168,0.047377045990482966,0.0
12,40593.525754406,0.0002086890017380938,"[-0.003530125459510024, 0.0068912006769644325, 0.0015525289520018672, 0.0, 0.0, 0.0, 0.0]","[-0.003530125459510024, 0.0068912006769644325, 0.0015525289520018672]","[-0.003530125459510024, 0.0068912006769644325, 0.0015525289520018672]","[-0.06518274807233077, 0.2, 0.09744414423355817]","[-0.0035301254595100223, 0.0001909675177522996, 0.0015525289520018637]",0,0.007896884111906413,0.007896884111906413,0.007896884111906413,0.0,False,True,False,0.6,,"[-0.003530125459510024, 0.0068912006769644325, 0.0015525289520018672]","[-0.003530125459510024, 0.0068912006769644325, 0.0015525289520018672]",0.007896884111906413,0.007896884111906413,0.007896884111906413,0.0,0.0,red,-0.07116807997226715,0.24537844955921173,0.009977093897759914,-0.06165262261282074,0.1998090324822477,0.0958916152815563,0.009977084584534168,0.04655228997045949,0.0
13,40594.122444693,0.00026081599935423583,"[-0.0025149492366129808, 0.005548982545808779, 0.0011979235865851381, 0.0, 0.0, 0.0, 0.0]","[-0.0025149492366129808, 0.005548982545808779, 0.0011979235865851381]","[-0.0025149492366129808, 0.005548982545808779, 0.0011979235865851381]","[-0.06762402060114032, 0.2, 0.09772061044639818]","[-0.0025149492366129816, 0.0001848751337072685, 0.0011979235865851312]",0,0.006208961094718479,0.006208961094718479,0.006208961094718479,0.0,False,True,False,0.6,,"[-0.0025149492366129808, 0.005548982545808779, 0.0011979235865851381]","[-0.0025149492366129808, 0.005548982545808779, 0.0011979235865851381]",0.006208961094718479,0.006208961094718479,0.006208961094718479,0.0,0.001719848028263199,red,-0.07116807997226715,0.24537844955921173,0.009977093897759914,-0.06510907136452734,0.19981512486629274,0.09652268685981305,0.009977084584534168,0.045964422572039636,0.0
14,40594.743189689,0.00032764999923529103,"[-0.0029054016300349202, 0.006779349166034794, 0.0014816078789185207, 0.0, 0.0, 0.0, 0.0]","[-0.0029054016300349202, 0.006779349166034794, 0.0014816078789185207]","[-0.0029054016300349202, 0.006779349166034794, 0.0014816078789185207]","[-0.07047402716978055, 0.2, 0.09830549767389664]","[-0.002905401630034915, 0.00016163159018395268, 0.0014816078789185172]",0,0.007523037661324026,0.007523037661324026,0.007523037661324026,0.0,False,True,False,0.6,,"[-0.0029054016300349202, 0.006779349166034794, 0.0014816078789185207]","[-0.0029054016300349202, 0.006779349166034794, 0.0014816078789185207]",0.007523037661324026,0.007523037661324026,0.007523037661324026,0.0,0.0013216398410353706,red,-0.07116807997226715,0.24537844955921173,0.009977093897759914,-0.06756862553974563,0.19983836840981606,0.09682388979497812,0.009977084584534168,0.045682108787854156,0.0
15,40595.349417197,0.0002551159996073693,"[-0.0025149492366129808, 0.005548982545808779, 0.0011979235865851381, 0.0, 0.0, 0.0, 0.0]","[-0.0025149492366129808, 0.005548982545808779, 0.0011979235865851381]","[-0.0025149492366129808, 0.005548982545808779, 0.0011979235865851381]","[-0.0729277847569007, 0.2, 0.09856665766211278]","[-0.0025149492366129816, 0.00017119759436179383, 0.001197923586585145]",0,0.006208961094718479,0.006208961094718479,0.006208961094718479,0.0,False,True,False,0.6,,"[-0.0025149492366129808, 0.005548982545808779, 0.0011979235865851381]","[-0.0025149492366129808, 0.005548982545808779, 0.0011979235865851381]",0.006208961094718479,0.006208961094718479,0.006208961094718479,0.0,0.0013216398410353706,red,-0.07116807997226715,0.24537844955921173,0.009977093897759914,-0.07041283552028772,0.19982880240563822,0.09736873407552764,0.009977084584534168,0.04555590795931185,0.0
16,40595.944878196,0.0003288020016043447,"[-0.0022806778005598164, 0.0048778734802309535, 0.0014106868058351742, 0.0, 0.0, 0.0, 0.0]","[-0.0022806778005598164, 0.0048778734802309535, 0.0014106868058351742]","[-0.0022806778005598164, 0.0048778734802309535, 0.0014106868058351742]","[-0.07513162297168625, 0.2, 0.09906258929685442]","[-0.0022806778005598216, 0.0001519207298879277, 0.0014106868058351707]",0,0.005566433165256207,0.005566433165256207,0.005566433165256207,0.0,False,True,False,0.6,,"[-0.0022806778005598164, 0.0048778734802309535, 0.0014106868058351742]","[-0.0022806778005598164, 0.0048778734802309535, 0.0014106868058351742]",0.005566433165256207,0.005566433165256207,0.005566433165256207,0.0,0.0007419829318230934,red,-0.07116807997226715,0.24537844955921173,0.009977093897759914,-0.07285094517112643,0.19984807927011208,0.09765190249101925,0.009977084584534168,0.04556146018226435,0.0
17,40596.545728818,0.0002583110035629943,"[-0.0017340444497690993, 0.004766021969301317, 0.0011270025135017916, 0.0, 0.0, 0.0, 0.0]","[-0.0017340444497690993, 0.004766021969301317, 0.0011270025135017916]","[-0.0017340444497690993, 0.004766021969301317, 0.0011270025135017916]","[-0.07680935534616865, 0.2, 0.09924442652437204]","[-0.001734044449769101, 0.00014812127280880438, 0.0011270025135017986]",0,0.0051953835499486635,0.0051953835499486635,0.0051953835499486635,0.0,False,True,False,0.6,,"[-0.0017340444497690993, 0.004766021969301317, 0.0011270025135017916]","[-0.0017340444497690993, 0.004766021969301317, 0.0011270025135017916]",0.0051953835499486635,0.0051953835499486635,0.0051953835499486635,0.0,0.0006259357462316894,red,-0.07116807997226715,0.24537844955921173,0.009977093897759914,-0.07507531089639954,0.1998518787271912,0.09811742401087024,0.009977084584534168,0.04569392853779897,0.0
18,40597.136647074,0.00027375999343348667,"[-0.0017340444497690993, 0.004766021969301317, 0.0011270025135017916, 0.0, 0.0, 0.0, 0.0]","[-0.0017340444497690993, 0.004766021969301317, 0.0011270025135017916]","[-0.0017340444497690993, 0.004766021969301317, 0.0011270025135017916]","[-0.07849257122242038, 0.2, 0.0994456500253407]","[-0.001734044449769101, 0.00013104359083263017, 0.0011270025135017986]",0,0.0051953835499486635,0.0051953835499486635,0.0051953835499486635,0.0,False,True,False,0.6,,"[-0.0017340444497690993, 0.004766021969301317, 0.0011270025135017916]","[-0.0017340444497690993, 0.004766021969301317, 0.0011270025135017916]",0.0051953835499486635,0.0051953835499486635,0.0051953835499486635,0.0,0.0,red,-0.07116807997226715,0.24537844955921173,0.009977093897759914,-0.07675852677265128,0.19986895640916738,0.0983186475118389,0.009977084584534168,0.04585157644183959,0.0
19,40597.694891365,0.0003818320037680678,"[-0.0014216825350315473, 0.004262690170117947, 0.0010560814404184451, 0.0, 0.0, 0.0, 0.0]","[-0.0014216825350315473, 0.004262690170117947, 0.0010560814404184451]","[-0.0014216825350315473, 0.004262690170117947, 0.0010560814404184451]","[-0.07986321953616682, 0.2, 0.09956909393972271]","[-0.0014216825350315404, 0.00012875483593158266, 0.001056081440418452]",0,0.004615952418042261,0.004615952418042261,0.004615952418042261,0.0,False,True,False,0.6,,"[-0.0014216825350315473, 0.004262690170117947, 0.0010560814404184451]","[-0.0014216825350315473, 0.004262690170117947, 0.0010560814404184451]",0.004615952418042261,0.004615952418042261,0.004615952418042261,0.0,0.0005966093063764352,red,-0.07116807997226715,0.24537844955921173,0.009977093897759914,-0.07844153700113528,0.19987124516406843,0.09851301249930426,0.009977084584534168,0.04608480041198118,0.0
20,40598.240975439,0.00021943899628240615,"[-0.0014216825350315473, 0.004262690170117947, 0.0010560814404184451, 0.0, 0.0, 0.0, 0.0]","[-0.0014216825350315473, 0.004262690170117947, 0.0010560814404184451]","[-0.0014216825350315473, 0.004262690170117947, 0.0010560814404184451]","[-0.081222716078136, 0.2, 0.09969335779475752]","[-0.0014216825350315543, 0.00011254832288065675, 0.001056081440418452]",0,0.004615952418042261,0.004615952418042261,0.004615952418042261,0.0,False,True,False,0.6,,"[-0.0014216825350315473, 0.004262690170117947, 0.0010560814404184451]","[-0.0014216825350315473, 0.004262690170117947, 0.0010560814404184451]",0.004615952418042261,0.004615952418042261,0.004615952418042261,0.0,0.0,red,-0.07116807997226715,0.24537844955921173,0.009977093897759914,-0.07980103354310444,0.19988745167711935,0.09863727635433907,0.009977083653211594,0.046302902454001364,0.0
21,40598.785539343,0.0002486930025042966,"[-0.0010312301416096088, 0.0026408432616381997, 0.0008433182211684091, 0.0, 0.0, 0.0, 0.0]","[-0.0010312301416096088, 0.0026408432616381997, 0.0008433182211684091]","[-0.0010312301416096088, 0.0026408432616381997, 0.0008433182211684091]","[-0.08219170469258755, 0.2, 0.09959699236312147]","[-0.001031230141609607, 0.0001123782827947839, 0.0008433182211684126]",0,0.002957815808947323,0.002957815808947323,0.002957815808947323,0.0,False,True,False,0.6,,"[-0.0010312301416096088, 0.0026408432616381997, 0.0008433182211684091]","[-0.0010312301416096088, 0.0026408432616381997, 0.0008433182211684091]",0.002957815808947323,0.002957815808947323,0.002957815808947323,0.0,0.0016816981457859412,red,-0.07116807997226715,0.24537844955921173,0.009977093897759914,-0.08116047455097794,0.19988762171720523,0.09875367414195306,0.009977083653211594,0.04657535149805874,0.0
22,40599.376188833,0.0002616769997985102,"[-0.0010312301416096088, 0.0026408432616381997, 0.0008433182211684091, 0.0, 0.0, 0.0, 0.0]","[-0.0010312301416096088, 0.0026408432616381997, 0.0008433182211684091]","[-0.0010312301416096088, 0.0026408432616381997, 0.0008433182211684091]","[-0.08317906341320117, 0.2, 0.09951609860052923]","[-0.001031230141609607, 0.00010604232042660255, 0.0008433182211684126]",0,0.002957815808947323,0.002957815808947323,0.002957815808947323,0.0,False,True,False,0.6,,"[-0.0010312301416096088, 0.0026408432616381997, 0.0008433182211684091]","[-0.0010312301416096088, 0.0026408432616381997, 0.0008433182211684091]",0.002957815808947323,0.002957815808947323,0.002957815808947323,0.0,0.0,red,-0.07116807997226715,0.24537844955921173,0.009977093897759914,-0.08214783327159156,0.1998939576795734,0.09867278037936082,0.009977083653211594,0.046790960495195114,0.0
23,40599.96130375,0.0003157679966534488,"[-0.0010312301416096088, 0.0026408432616381997, 0.0008433182211684091, 0.0, 0.0, 0.0, 0.0]","[-0.0010312301416096088, 0.0026408432616381997, 0.0008433182211684091]","[-0.0010312301416096088, 0.0026408432616381997, 0.0008433182211684091]","[-0.08416670279554322, 0.2, 0.09943321577071298]","[-0.001031230141609607, 0.00010410779019079386, 0.0008433182211684126]",0,0.002957815808947323,0.002957815808947323,0.002957815808947323,0.0,False,True,False,0.6,,"[-0.0010312301416096088, 0.0026408432616381997, 0.0008433182211684091]","[-0.0010312301416096088, 0.0026408432616381997, 0.0008433182211684091]",0.002957815808947323,0.002957815808947323,0.002957815808947323,0.0,0.0,red,-0.07116807997226715,0.24537844955921173,0.009977093897759914,-0.08313547265393362,0.19989589220980922,0.09858989754954457,0.009977083653211594,0.0470306443783082,0.0
24,40600.560456202,0.00021640300110448152,"[-0.0010312301416096088, 0.0026408432616381997, 0.0008433182211684091, 0.0, 0.0, 0.0, 0.0]","[-0.0010312301416096088, 0.0026408432616381997, 0.0008433182211684091]","[-0.0010312301416096088, 0.0026408432616381997, 0.0008433182211684091]","[-0.08515381124154123, 0.2, 0.09934620407617267]","[-0.001031230141609607, 0.00010414791517968092, 0.0008433182211684126]",0,0.002957815808947323,0.002957815808947323,0.002957815808947323,0.0,False,True,False,0.6,,"[-0.0010312301416096088, 0.0026408432616381997, 0.0008433182211684091]","[-0.0010312301416096088, 0.0026408432616381997, 0.0008433182211684091]",0.002957815808947323,0.002957815808947323,0.002957815808947323,0.0,0.0,red,-0.07116807997226715,0.24537844955921173,0.009977093897759914,-0.08412258109993162,0.19989585208482033,0.09850288585500426,0.009977083653211594,0.047291497887930925,0.0
25,40601.15580564,0.0003387609976925887,"[-0.0010312301416096088, 0.0026408432616381997, 0.0008433182211684091, 0.0, 0.0, 0.0, 0.0]","[-0.0010312301416096088, 0.0026408432616381997, 0.0008433182211684091]","[-0.0010312301416096088, 0.0026408432616381997, 0.0008433182211684091]","[-0.08614031778726293, 0.2, 0.09925501792167196]","[-0.001031230141609607, 0.00010435487602095117, 0.0008433182211684126]",0,0.002957815808947323,0.002957815808947323,0.002957815808947323,0.0,False,True,False,0.6,,"[-0.0010312301416096088, 0.0026408432616381997, 0.0008433182211684091]","[-0.0010312301416096088, 0.0026408432616381997, 0.0008433182211684091]",0.002957815808947323,0.002957815808947323,0.002957815808947323,0.0,0.0,red,-0.07116807997226715,0.24537844955921173,0.009977093897759914,-0.08510908764565332,0.19989564512397906,0.09841169970050355,0.009977083653211594,0.047571390501466665,0.0
26,40601.73975693,0.0002554460006649606,"[-0.0010312301416096088, 0.002473065995243744, 0.0008433182211684091, 0.0, 0.0, 0.0, 0.0]","[-0.0010312301416096088, 0.002473065995243744, 0.0008433182211684091]","[-0.0010312301416096088, 0.002473065995243744, 0.0008433182211684091]","[-0.08712499378240102, 0.2, 0.09916266923245169]","[-0.001031230141609607, 0.0001074108116468353, 0.0008433182211684126]",0,0.0028090348242678933,0.0028090348242678933,0.0028090348242678933,0.0,False,True,False,0.6,,"[-0.0010312301416096088, 0.002473065995243744, 0.0008433182211684091]","[-0.0010312301416096088, 0.002473065995243744, 0.0008433182211684091]",0.0028090348242678933,0.0028090348242678933,0.0028090348242678933,0.0,0.00016777726639445557,red,-0.07116807997226715,0.24537844955921173,0.009977093897759914,-0.08609376364079141,0.19989258918835318,0.09831935101128328,0.009977083653211594,0.047872116379475985,0.0
27,40602.335866265,0.0002552860023570247,"[-0.0010312301416096088, 0.002473065995243744, 0.0008433182211684091, 0.0, 0.0, 0.0, 0.0]","[-0.0010312301416096088, 0.002473065995243744, 0.0008433182211684091]","[-0.0010312301416096088, 0.002473065995243744, 0.0008433182211684091]","[-0.08811017447900088, 0.2, 0.09906299901806985]","[-0.001031230141609607, 0.00010503929141739143, 0.0008433182211684126]",0,0.0028090348242678933,0.0028090348242678933,0.0028090348242678933,0.0,False,True,False,0.6,,"[-0.0010312301416096088, 0.002473065995243744, 0.0008433182211684091]","[-0.0010312301416096088, 0.002473065995243744, 0.0008433182211684091]",0.0028090348242678933,0.0028090348242678933,0.0028090348242678933,0.0,0.0,red,-0.07116807997226715,0.24537844955921173,0.009977093897759914,-0.08707894433739127,0.19989496070858262,0.09821968079690144,0.009977083653211594,0.04818613247471392,0.0
28,40602.923594305,0.0002314809971721843,"[-0.0010312301416096088, 0.002473065995243744, 0.0008433182211684091, 0.0, 0.0, 0.0, 0.0]","[-0.0010312301416096088, 0.002473065995243744, 0.0008433182211684091]","[-0.0010312301416096088, 0.002473065995243744, 0.0008433182211684091]","[-0.08909481027768898, 0.2, 0.09895901099722762]","[-0.001031230141609607, 0.00010510170981881117, 0.0008433182211684126]",0,0.0028090348242678933,0.0028090348242678933,0.0028090348242678933,0.0,False,True,False,0.6,,"[-0.0010312301416096088, 0.002473065995243744, 0.0008433182211684091]","[-0.0010312301416096088, 0.002473065995243744, 0.0008433182211684091]",0.0028090348242678933,0.0028090348242678933,0.0028090348242678933,0.0,0.0,red,-0.07116807997226715,0.24537844955921173,0.009977093897759914,-0.08806358013607937,0.1998948982901812,0.09811569277605921,0.009977083653211594,0.04852021601176058,0.0
29,40603.535662545,0.0002546940013417043,"[-0.0010312301416096088, 0.002473065995243744, 0.0008433182211684091, 0.0, 0.0, 0.0, 0.0]","[-0.0010312301416096088, 0.002473065995243744, 0.0008433182211684091]","[-0.0010312301416096088, 0.002473065995243744, 0.0008433182211684091]","[-0.09007881103681921, 0.2, 0.09885066018301668]","[-0.001031230141609607, 0.00010536629155349919, 0.0008433182211684126]",0,0.0028090348242678933,0.0028090348242678933,0.0028090348242678933,0.0,False,True,False,0.6,,"[-0.0010312301416096088, 0.002473065995243744, 0.0008433182211684091]","[-0.0010312301416096088, 0.002473065995243744, 0.0008433182211684091]",0.0028090348242678933,0.0028090348242678933,0.0028090348242678933,0.0,0.0,red,-0.07116807997226715,0.24537844955921173,0.009977093897759914,-0.0890475808952096,0.1998946337084465,0.09800734196184827,0.009977083653211594,0.048871812505777004,0.0
30,40604.142488698,0.00025403299514437094,"[-0.0010312301416096088, 0.002473065995243744, 0.0008433182211684091, 0.0, 0.0, 0.0, 0.0]","[-0.0010312301416096088, 0.002473065995243744, 0.0008433182211684091]","[-0.0010312301416096088, 0.002473065995243744, 0.0008433182211684091]","[-0.09104341613825541, 0.2, 0.09873789971842743]","[-0.001031230141609607, 9.721945560181577e-05, 0.0008433182211684126]",0,0.0028090348242678933,0.0028090348242678933,0.0028090348242678933,0.0,False,True,False,0.6,,"[-0.0010312301416096088, 0.002473065995243744, 0.0008433182211684091]","[-0.0010312301416096088, 0.002473065995243744, 0.0008433182211684091]",0.0028090348242678933,0.0028090348242678933,0.0028090348242678933,0.0,0.0,red,-0.07116807997226715,0.24537844955921173,0.009977093897759914,-0.0900121859966458,0.1999027805443982,0.09789458149725902,0.009977083653211594,0.049225367486722696,0.0
31,40604.730696094,0.0002559360000304878,"[-0.0010312301416096088, 0.002473065995243744, 0.0008433182211684091, 0.0, 0.0, 0.0, 0.0]","[-0.0010312301416096088, 0.002473065995243744, 0.0008433182211684091]","[-0.0010312301416096088, 0.002473065995243744, 0.0008433182211684091]","[-0.09200797738200814, 0.2, 0.09862076130734242]","[-0.001031230141609607, 9.695269981269128e-05, 0.0008433182211684126]",0,0.0028090348242678933,0.0028090348242678933,0.0028090348242678933,0.0,False,True,False,0.6,,"[-0.0010312301416096088, 0.002473065995243744, 0.0008433182211684091]","[-0.0010312301416096088, 0.002473065995243744, 0.0008433182211684091]",0.0028090348242678933,0.0028090348242678933,0.0028090348242678933,0.0,0.0,red,-0.07116807997226715,0.24537844955921173,0.009977093897759914,-0.09097674724039853,0.19990304730018732,0.097777443086174,0.009977083653211594,0.04960237403148787,0.0
32,40605.322260615,0.0003065209966734983,"[-0.0010312301416096088, 0.002473065995243744, 0.0011979235865851381, 0.0, 0.0, 0.0, 0.0]","[-0.0010312301416096088, 0.002473065995243744, 0.0011979235865851381]","[-0.0010312301416096088, 0.002473065995243744, 0.0011979235865851381]","[-0.09297513805134397, 0.2, 0.09885420453276633]","[-0.001031230141609607, 9.869548446123089e-05, 0.001197923586585145]",0,0.002935048882232135,0.002935048882232135,0.002935048882232135,0.0,False,True,False,0.6,,"[-0.0010312301416096088, 0.002473065995243744, 0.0011979235865851381]","[-0.0010312301416096088, 0.002473065995243744, 0.0011979235865851381]",0.002935048882232135,0.002935048882232135,0.002935048882232135,0.0,0.000354605365416729,red,-0.07116807997226715,0.24537844955921173,0.009977093897759914,-0.09194390790973436,0.19990130451553878,0.09765628094618119,0.009977083653211594,0.049998057440369725,0.0
33,40605.866431603,0.00020500200480455533,"[-0.0010312301416096088, 0.002473065995243744, 0.0008433182211684091, 0.0, 0.0, 0.0, 0.0]","[-0.0010312301416096088, 0.002473065995243744, 0.0008433182211684091]","[-0.0010312301416096088, 0.002473065995243744, 0.0008433182211684091]","[-0.09394650960839591, 0.2, 0.09869544970193371]","[-0.001031230141609607, 9.90319880945778e-05, 0.0008433182211684126]",0,0.0028090348242678933,0.0028090348242678933,0.0028090348242678933,0.0,False,True,False,0.6,,"[-0.0010312301416096088, 0.002473065995243744, 0.0008433182211684091]","[-0.0010312301416096088, 0.002473065995243744, 0.0008433182211684091]",0.0028090348242678933,0.0028090348242678933,0.0028090348242678933,0.0,0.000354605365416729,red,-0.07116807997226715,0.24537844955921173,0.009977093897759914,-0.09291527946678631,0.19990096801190543,0.0978521314807653,0.009977083653211594,0.05040974125841154,0.0
34,40606.455048663,0.000260966997302603,"[-0.0010312301416096088, 0.002473065995243744, 0.0011979235865851381, 0.0, 0.0, 0.0, 0.0]","[-0.0010312301416096088, 0.002473065995243744, 0.0011979235865851381]","[-0.0010312301416096088, 0.002473065995243744, 0.0011979235865851381]","[-0.09491911089511869, 0.2, 0.09891849906644576]","[-0.001031230141609607, 0.000104446812444009, 0.0011979235865851312]",0,0.002935048882232135,0.002935048882232135,0.002935048882232135,0.0,False,True,False,0.6,,"[-0.0010312301416096088, 0.002473065995243744, 0.0011979235865851381]","[-0.0010312301416096088, 0.002473065995243744, 0.0011979235865851381]",0.002935048882232135,0.002935048882232135,0.002935048882232135,0.0,0.000354605365416729,red,-0.07116807997226715,0.24537844955921173,0.009977093897759914,-0.09388788075350908,0.199895553187556,0.09772057547986063,0.009977083653211594,0.050841746723476126,0.0
35,40607.040403465,0.000259083004493732,"[-0.0010312301416096088, 0.002473065995243744, 0.0011979235865851381, 0.0, 0.0, 0.0, 0.0]","[-0.0010312301416096088, 0.002473065995243744, 0.0011979235865851381]","[-0.0010312301416096088, 0.002473065995243744, 0.0011979235865851381]","[-0.09589874603865577, 0.2, 0.09910491462757243]","[-0.001031230141609607, 0.00010268128799800769, 0.001197923586585145]",0,0.002935048882232135,0.002935048882232135,0.002935048882232135,0.0,False,True,False,0.6,,"[-0.0010312301416096088, 0.002473065995243744, 0.0011979235865851381]","[-0.0010312301416096088, 0.002473065995243744, 0.0011979235865851381]",0.002935048882232135,0.002935048882232135,0.002935048882232135,0.0,0.0,red,-0.07116807997226715,0.24537844955921173,0.009977093897759914,-0.09486751589704616,0.199897318712002,0.09790699104098728,0.009977083653211594,0.05128544166031641,0.0
36,40607.579721434,0.00020332900021458045,"[-0.0010312301416096088, 0.002473065995243744, 0.0011979235865851381, 0.0, 0.0, 0.0, 0.0]","[-0.0010312301416096088, 0.002473065995243744, 0.0011979235865851381]","[-0.0010312301416096088, 0.002473065995243744, 0.0011979235865851381]","[-0.09688065996084362, 0.2, 0.09928637678671892]","[-0.001031230141609607, 0.00010225061965313254, 0.0011979235865851312]",0,0.002935048882232135,0.002935048882232135,0.002935048882232135,0.0,False,True,False,0.6,,"[-0.0010312301416096088, 0.002473065995243744, 0.0011979235865851381]","[-0.0010312301416096088, 0.002473065995243744, 0.0011979235865851381]",0.002935048882232135,0.002935048882232135,0.002935048882232135,0.0,0.0,red,-0.07116807997226715,0.24537844955921173,0.009977093897759914,-0.09584942981923401,0.19989774938034688,0.09808845320013379,0.009977083653211594,0.05174614110277373,0.0
37,40608.167517325,0.0002578710045781918,"[-0.0010312301416096088, 0.002473065995243744, 0.0011979235865851381, 0.0, 0.0, 0.0, 0.0]","[-0.0010312301416096088, 0.002473065995243744, 0.0011979235865851381]","[-0.0010312301416096088, 0.002473065995243744, 0.0011979235865851381]","[-0.09786262639707916, 0.2, 0.09946450928297709]","[-0.001031230141609607, 0.00010110615404249068, 0.0011979235865851312]",0,0.002935048882232135,0.002935048882232135,0.002935048882232135,0.0,False,True,False,0.6,,"[-0.0010312301416096088, 0.002473065995243744, 0.0011979235865851381]","[-0.0010312301416096088, 0.002473065995243744, 0.0011979235865851381]",0.002935048882232135,0.002935048882232135,0.002935048882232135,0.0,0.0,red,-0.07116807997226715,0.24537844955921173,0.009977093897759914,-0.09683139625546955,0.19989889384595752,0.09826658569639196,0.009977083653211594,0.05222064525191809,0.0
38,40608.709433899,0.0003079840025748126,"[-0.0010312301416096088, 0.002473065995243744, 0.0011979235865851381, 0.0, 0.0, 0.0, 0.0]","[-0.0010312301416096088, 0.002473065995243744, 0.0011979235865851381]","[-0.0010312301416096088, 0.002473065995243744, 0.0011979235865851381]","[-0.0988442612995067, 0.2, 0.09964773502865917]","[-0.001031230141609607, 0.00010076950144446983, 0.001197923586585145]",0,0.002935048882232135,0.002935048882232135,0.002935048882232135,0.0,False,True,False,0.6,,"[-0.0010312301416096088, 0.002473065995243744, 0.0011979235865851381]","[-0.0010312301416096088, 0.002473065995243744, 0.0011979235865851381]",0.002935048882232135,0.002935048882232135,0.002935048882232135,0.0,0.0,red,-0.07116807997226715,0.24537844955921173,0.009977093897759914,-0.09781303115789709,0.19989923049855554,0.09844981144207403,0.009977083653211594,0.052709702997187864,0.0
39,40609.245900366,0.0002912030031438917,"[-0.0010312301416096088, 0.002473065995243744, 0.0011979235865851381, 0.0, 0.0, 0.0, 0.0]","[-0.0010312301416096088, 0.002473065995243744, 0.0011979235865851381]","[-0.0010312301416096088, 0.002473065995243744, 0.0011979235865851381]","[-0.09982504623834411, 0.2, 0.09980924426324192]","[-0.001031230141609607, 0.0001014887034822276, 0.0011979235865851312]",0,0.002935048882232135,0.002935048882232135,0.002935048882232135,0.0,False,True,False,0.6,,"[-0.0010312301416096088, 0.002473065995243744, 0.0011979235865851381]","[-0.0010312301416096088, 0.002473065995243744, 0.0011979235865851381]",0.002935048882232135,0.002935048882232135,0.002935048882232135,0.0,0.0,red,-0.07116807997226715,0.24537844955921173,0.009977093897759914,-0.0987938160967345,0.19989851129651778,0.09861132067665679,0.009977083653211594,0.05321283755633741,0.0
40,40609.839649732,0.00025933299912139773,"[-0.0010312301416096088, 0.002473065995243744, 0.0011979235865851381, 0.0, 0.0, 0.0, 0.0]","[-0.0010312301416096088, 0.002473065995243744, 0.0011979235865851381]","[-0.0010312301416096088, 0.002473065995243744, 0.0011979235865851381]","[-0.10080754471053256, 0.2, 0.09997031517544572]","[-0.001031230141609607, 9.705885421237848e-05, 0.001197923586585145]",0,0.002935048882232135,0.002935048882232135,0.002935048882232135,0.0,False,True,False,0.6,,"[-0.0010312301416096088, 0.002473065995243744, 0.0011979235865851381]","[-0.0010312301416096088, 0.002473065995243744, 0.0011979235865851381]",0.002935048882232135,0.002935048882232135,0.002935048882232135,0.0,0.0,red,-0.07116807997226715,0.24537844955921173,0.009977093897759914,-0.09977631456892296,0.19990294114578763,0.09877239158886057,0.009977083653211594,0.0537257196526645,0.0
41,40610.439066106,0.0002598149949335493,"[-0.0010312301416096088, 0.002473065995243744, 0.0011979235865851381, 0.0, 0.0, 0.0, 0.0]","[-0.0010312301416096088, 0.002473065995243744, 0.0011979235865851381]","[-0.0010312301416096088, 0.002473065995243744, 0.0011979235865851381]","[-0.10179035094920522, 0.2, 0.10012616669790034]","[-0.001031230141609607, 9.550161410573632e-05, 0.001197923586585145]",0,0.002935048882232135,0.002935048882232135,0.002935048882232135,0.0,False,True,False,0.6,,"[-0.0010312301416096088, 0.002473065995243744, 0.0011979235865851381]","[-0.0010312301416096088, 0.002473065995243744, 0.0011979235865851381]",0.002935048882232135,0.002935048882232135,0.002935048882232135,0.0,0.0,red,-0.07116807997226715,0.24537844955921173,0.009977093897759914,-0.10075912080759561,0.19990449838589427,0.09892824311131519,0.009977083653211594,0.05425412365001702,0.0
42,40611.028412962,0.00020762700296472758,"[-0.0010312301416096088, 0.002473065995243744, 0.0011979235865851381, 0.0, 0.0, 0.0, 0.0]","[-0.0010312301416096088, 0.002473065995243744, 0.0011979235865851381]","[-0.0010312301416096088, 0.002473065995243744, 0.0011979235865851381]","[-0.10277287341275466, 0.2, 0.10028615323914042]","[-0.001031230141609607, 9.513728072840788e-05, 0.001197923586585145]",0,0.002935048882232135,0.002935048882232135,0.002935048882232135,0.0,False,True,False,0.6,,"[-0.0010312301416096088, 0.002473065995243744, 0.0011979235865851381]","[-0.0010312301416096088, 0.002473065995243744, 0.0011979235865851381]",0.002935048882232135,0.002935048882232135,0.002935048882232135,0.0,0.0,red,-0.07116807997226715,0.24537844955921173,0.009977093897759914,-0.10174164327114506,0.1999048627192716,0.09908822965255527,0.009977083653211594,0.054795892846819,0.0
43,40611.605984617,0.0003928119986085221,"[-0.0010312301416096088, 0.002473065995243744, 0.0011979235865851381, 0.0, 0.0, 0.0, 0.0]","[-0.0010312301416096088, 0.002473065995243744, 0.0011979235865851381]","[-0.0010312301416096088, 0.002473065995243744, 0.0011979235865851381]","[-0.10375596786509025, 0.2, 0.10043107803168203]","[-0.001031230141609607, 9.311469708650488e-05, 0.0011979235865851312]",0,0.002935048882232135,0.002935048882232135,0.002935048882232135,0.0,False,True,False,0.6,,"[-0.0010312301416096088, 0.002473065995243744, 0.0011979235865851381]","[-0.0010312301416096088, 0.002473065995243744, 0.0011979235865851381]",0.002935048882232135,0.002935048882232135,0.002935048882232135,0.0,0.0,red,-0.07116807997226715,0.24537844955921173,0.009977093897759914,-0.10272473772348065,0.1999068853029135,0.0992331544450969,0.009977083653211594,0.05534876515643218,0.0
44,40612.189633417,0.0002577099949121475,"[-0.0010312301416096088, 0.002473065995243744, 0.0011979235865851381, 0.0, 0.0, 0.0, 0.0]","[-0.0010312301416096088, 0.002473065995243744, 0.0011979235865851381]","[-0.0010312301416096088, 0.002473065995243744, 0.0011979235865851381]","[-0.10473789592541403, 0.2, 0.10056651919820661]","[-0.001031230141609607, 9.448076741769285e-05, 0.001197923586585145]",0,0.002935048882232135,0.002935048882232135,0.002935048882232135,0.0,False,True,False,0.6,,"[-0.0010312301416096088, 0.002473065995243744, 0.0011979235865851381]","[-0.0010312301416096088, 0.002473065995243744, 0.0011979235865851381]",0.002935048882232135,0.002935048882232135,0.002935048882232135,0.0,0.0,red,-0.07116807997226715,0.24537844955921173,0.009977093897759914,-0.10370666578380443,0.19990551923258232,0.09936859561162147,0.009977083653211594,0.05591553414843918,0.0
45,40612.793997032,0.0003948660014430061,"[-0.0010312301416096088, 0.002473065995243744, 0.0011979235865851381, 0.0, 0.0, 0.0, 0.0]","[-0.0010312301416096088, 0.002473065995243744, 0.0011979235865851381]","[-0.0010312301416096088, 0.002473065995243744, 0.0011979235865851381]","[-0.1057214435223433, 0.2, 0.10070101811232798]","[-0.001031230141609607, 9.050296506807332e-05, 0.0011979235865851312]",0,0.002935048882232135,0.002935048882232135,0.002935048882232135,0.0,False,True,False,0.6,,"[-0.0010312301416096088, 0.002473065995243744, 0.0011979235865851381]","[-0.0010312301416096088, 0.002473065995243744, 0.0011979235865851381]",0.002935048882232135,0.002935048882232135,0.002935048882232135,0.0,0.0,red,-0.07116807997226715,0.24537844955921173,0.009977093897759914,-0.1046902133807337,0.19990949703493194,0.09950309452574285,0.009977083653211594,0.05649034494416049,0.0
46,40613.340696149,0.00020147599570918828,"[-0.0014997730137159358, 0.003423803838145664, 0.0010560814404184451, 0.0, 0.0, 0.0, 0.0]","[-0.0014997730137159358, 0.003423803838145664, 0.0010560814404184451]","[-0.0014997730137159358, 0.003423803838145664, 0.0010560814404184451]","[-0.10717344918849628, 0.2, 0.10069555076588232]","[-0.001499773013715941, 8.982100109417024e-05, 0.0010560814404184382]",0,0.0038842064599565068,0.0038842064599565068,0.0038842064599565068,0.0,False,True,False,0.6,,"[-0.0014997730137159358, 0.003423803838145664, 0.0010560814404184451]","[-0.0014997730137159358, 0.003423803838145664, 0.0010560814404184451]",0.0038842064599565068,0.0038842064599565068,0.0038842064599565068,0.0,0.001069370872689459,red,-0.07116807997226715,0.24537844955921173,0.009977093897759914,-0.10567367617478034,0.19991017899890584,0.09963946932546389,0.009977083653211594,0.057078890993396775,0.0
47,40613.921914672,0.00033452299976488575,"[-0.0014997730137159358, 0.003423803838145664, 0.0011270025135017916, 0.0, 0.0, 0.0, 0.0]","[-0.0014997730137159358, 0.003423803838145664, 0.0011270025135017916]","[-0.0014997730137159358, 0.003423803838145664, 0.0011270025135017916]","[-0.10861477817132144, 0.2, 0.10075529154913518]","[-0.001499773013715941, 0.00010826634782262756, 0.0011270025135017986]",0,0.0039040858699842806,0.0039040858699842806,0.0039040858699842806,0.0,False,True,False,0.6,,"[-0.0014997730137159358, 0.003423803838145664, 0.0011270025135017916]","[-0.0014997730137159358, 0.003423803838145664, 0.0011270025135017916]",0.0039040858699842806,0.0039040858699842806,0.0039040858699842806,0.0,7.09210730833465e-05,red,-0.07116807997226715,0.24537844955921173,0.009977093897759914,-0.1071150051576055,0.19989173365217738,0.09962828903563338,0.009977083653211594,0.0579760532831234,0.0
48,40614.501127288,0.00025888300297083333,"[-0.0014997730137159358, 0.003423803838145664, 0.0010560814404184451, 0.0, 0.0, 0.0, 0.0]","[-0.0014997730137159358, 0.003423803838145664, 0.0010560814404184451]","[-0.0014997730137159358, 0.003423803838145664, 0.0010560814404184451]","[-0.11004871972567291, 0.2, 0.10073302586256397]","[-0.001499773013715941, 0.00010228676007859039, 0.0010560814404184382]",0,0.0038842064599565068,0.0038842064599565068,0.0038842064599565068,0.0,False,True,False,0.6,,"[-0.0014997730137159358, 0.003423803838145664, 0.0010560814404184451]","[-0.0014997730137159358, 0.003423803838145664, 0.0010560814404184451]",0.0038842064599565068,0.0038842064599565068,0.0038842064599565068,0.0,7.09210730833465e-05,red,-0.07116807997226715,0.24537844955921173,0.009977093897759914,-0.10854894671195697,0.19989771323992142,0.09967694442214553,0.009977083653211594,0.058871271214024766,0.0
49,40615.088622026,0.00025733999791555107,"[-0.0014997730137159358, 0.003423803838145664, 0.0011270025135017916, 0.0, 0.0, 0.0, 0.0]","[-0.0014997730137159358, 0.003423803838145664, 0.0011270025135017916]","[-0.0014997730137159358, 0.003423803838145664, 0.0011270025135017916]","[-0.11148704483160034, 0.2, 0.1007822316956336]","[-0.001499773013715941, 0.00010418466754494315, 0.0011270025135017986]",0,0.0039040858699842806,0.0039040858699842806,0.0039040858699842806,0.0,False,True,False,0.6,,"[-0.0014997730137159358, 0.003423803838145664, 0.0011270025135017916]","[-0.0014997730137159358, 0.003423803838145664, 0.0011270025135017916]",0.0039040858699842806,0.0039040858699842806,0.0039040858699842806,0.0,7.09210730833465e-05,red,-0.07116807997226715,0.24537844955921173,0.009977093897759914,-0.1099872718178844,0.19989581533245507,0.09965522918213181,0.009977083653211594,0.059796318212342915,0.0
50,40615.669133405,0.0003171110001858324,"[-0.0014997730137159358, 0.003423803838145664, 0.0010560814404184451, 0.0, 0.0, 0.0, 0.0]","[-0.0014997730137159358, 0.003423803838145664, 0.0010560814404184451]","[-0.0014997730137159358, 0.003423803838145664, 0.0010560814404184451]","[-0.11292764426451254, 0.2, 0.10074968816437313]","[-0.001499773013715941, 0.00010539283948762801, 0.001056081440418452]",0,0.0038842064599565068,0.0038842064599565068,0.0038842064599565068,0.0,False,True,False,0.6,,"[-0.0014997730137159358, 0.003423803838145664, 0.0010560814404184451]","[-0.0014997730137159358, 0.003423803838145664, 0.0010560814404184451]",0.0038842064599565068,0.0038842064599565068,0.0038842064599565068,0.0,7.09210730833465e-05,red,-0.07116807997226715,0.24537844955921173,0.009977093897759914,-0.1114278712507966,0.19989460716051238,0.09969360672395468,0.009977083653211594,0.060742330488222765,0.0
51,40616.249928271,0.00027800800307886675,"[-0.0014997730137159358, 0.003423803838145664, 0.0011270025135017916, 0.0, 0.0, 0.0, 0.0]","[-0.0014997730137159358, 0.003423803838145664, 0.0011270025135017916]","[-0.0014997730137159358, 0.003423803838145664, 0.0011270025135017916]","[-0.11436804943649743, 0.2, 0.10078011104525414]","[-0.001499773013715941, 0.00010439260953337692, 0.0011270025135017847]",0,0.0039040858699842806,0.0039040858699842806,0.0039040858699842806,0.0,False,True,False,0.6,,"[-0.0014997730137159358, 0.003423803838145664, 0.0011270025135017916]","[-0.0014997730137159358, 0.003423803838145664, 0.0011270025135017916]",0.0039040858699842806,0.0039040858699842806,0.0039040858699842806,0.0,7.09210730833465e-05,red,-0.07116807997226715,0.24537844955921173,0.009977093897759914,-0.1128682764227815,0.19989560739046663,0.09965310853175235,0.009977083653211594,0.06170571542214275,0.0
52,40616.830070301,0.00025465499493293464,"[-0.0010312301416096088, 0.0021934372179196492, -0.001993524702165423, 0.0, 0.0, 0.0, 0.0]","[-0.0010312301416096088, 0.0021934372179196492, -0.001993524702165423]","[-0.0010312301416096088, 0.0021934372179196492, -0.001993524702165423]","[-0.11533968400464722, 0.2, 0.09767493430755263]","[-0.001031230141609607, 0.00010347755346831744, -0.0019935247021654195]",0,0.003138270729567958,0.003138270729567958,0.003138270729567958,0.0,False,True,False,0.6,,"[-0.0010312301416096088, 0.0021934372179196492, -0.001993524702165423]","[-0.0010312301416096088, 0.0021934372179196492, -0.001993524702165423]",0.003138270729567958,0.003138270729567958,0.003138270729567958,0.0,0.003386890099617614,red,-0.07116807997226715,0.24537844955921173,0.009977093897759914,-0.11430845386303762,0.1998965224465317,0.09966845900971805,0.009977083653211594,0.06268729977689748,0.0
53,40617.419379705,0.00031287199817597866,"[-0.0012655015776627723, 0.003088249305356751, -0.009511158449000075, 0.0, 0.0, 0.0, 0.0]","[-0.0012655015776627723, 0.003088249305356751, -0.009511158449000075]","[-0.0012655015776627723, 0.003088249305356751, -0.009511158449000075]","[-0.11654730793898294, 0.2, 0.08733807531374876]","[-0.001265501577662767, 9.983300674293316e-05, -0.009511158449000079]",0,0.010079727826538222,0.010079727826538222,0.010079727826538222,0.0,False,True,False,0.6,,"[-0.0012655015776627723, 0.003088249305356751, -0.009511158449000075]","[-0.0012655015776627723, 0.003088249305356751, -0.009511158449000075]",0.010079727826538222,0.010079727826538222,0.010079727826538222,0.0,0.007574324321622436,red,-0.07116807997226715,0.24537844955921173,0.009977093897759914,-0.11528180636132017,0.19990016699325708,0.09684923376274884,0.009977083653211594,0.06335846463636131,0.0
54,40618.009489318,0.00031390500225825235,"[-0.002046406364506651, 0.004766021969301317, 0.0014816078789185207, 0.0, 0.0, 0.0, 0.0]","[-0.002046406364506651, 0.004766021969301317, 0.0014816078789185207]","[-0.002046406364506651, 0.004766021969301317, 0.0014816078789185207]","[-0.11851092536181121, 0.2, 0.08874381100974839]","[-0.0020464063645066477, 0.00014134549842809152, 0.0014816078789185172]",0,0.00539424752189122,0.00539424752189122,0.00539424752189122,0.0,False,True,False,0.6,,"[-0.002046406364506651, 0.004766021969301317, 0.0014816078789185207]","[-0.002046406364506651, 0.004766021969301317, 0.0014816078789185207]",0.00539424752189122,0.00539424752189122,0.00539424752189122,0.0,0.011147450154103235,red,-0.07116807997226715,0.24537844955921173,0.009977093897759914,-0.11646451899730456,0.19985865450157192,0.08726220313082987,0.009977083653211594,0.0642169691782356,0.0
55,40618.592229121,0.0002622780011733994,"[-0.0014216825350315473, 0.003927135637329033, 0.0014816078789185207, 0.0, 0.0, 0.0, 0.0]","[-0.0014216825350315473, 0.003927135637329033, 0.0014816078789185207]","[-0.0014216825350315473, 0.003927135637329033, 0.0014816078789185207]","[-0.11981931438133436, 0.2, 0.08906426598507687]","[-0.0014216825350315404, 0.00019022987256162027, 0.0014816078789185172]",0,0.004431561513875992,0.004431561513875992,0.004431561513875992,0.0,False,True,False,0.6,,"[-0.0014216825350315473, 0.003927135637329033, 0.0014816078789185207]","[-0.0014216825350315473, 0.003927135637329033, 0.0014816078789185207]",0.004431561513875992,0.004431561513875992,0.004431561513875992,0.0,0.0010459493969996593,red,-0.07116807997226715,0.24537844955921173,0.009977093897759914,-0.11839763184630282,0.1998097701274384,0.08758265810615835,0.009977083653211594,0.06562876743759515,0.0
56,40619.176887939,0.00040527500095777214,"[-0.0014216825350315473, 0.003927135637329033, -0.006106946940999478, 0.0, 0.0, 0.0, 0.0]","[-0.0014216825350315473, 0.003927135637329033, -0.006106946940999478]","[-0.0014216825350315473, 0.003927135637329033, -0.006106946940999478]","[-0.1211410123291502, 0.2, 0.08178857818766389]","[-0.0014216825350315543, 0.00016626018183651947, -0.006106946940999475]",0,0.007398538807398142,0.007398538807398142,0.007398538807398142,0.0,False,True,False,0.6,,"[-0.0014216825350315473, 0.003927135637329033, -0.006106946940999478]","[-0.0014216825350315473, 0.003927135637329033, -0.006106946940999478]",0.007398538807398142,0.007398538807398142,0.007398538807398142,0.0,0.007588554819917999,red,-0.07116807997226715,0.24537844955921173,0.009977093897759914,-0.11971932979411865,0.1998337398181635,0.08789552512866336,0.009977083653211594,0.06656984636199913,0.0
57,40619.757687367,0.0002509070036467165,"[-0.0019683158858222645, 0.004766021969301317, -0.008376421279666544, 0.0, 0.0, 0.0, 0.0]","[-0.0019683158858222645, 0.004766021969301317, -0.008376421279666544]","[-0.0019683158858222645, 0.004766021969301317, -0.008376421279666544]","[-0.12299310311688327, 0.2, 0.0729659386107894]","[-0.001968315885822261, 0.00019117342296884332, -0.008376421279666549]",0,0.00983634415281885,0.00983634415281885,0.00983634415281885,0.0,False,True,False,0.6,,"[-0.0019683158858222645, 0.004766021969301317, -0.008376421279666544]","[-0.0019683158858222645, 0.004766021969301317, -0.008376421279666544]",0.00983634415281885,0.00983634415281885,0.00983634415281885,0.0,0.0024805346343147305,red,-0.07116807997226715,0.24537844955921173,0.009977093897759914,-0.12102478723106101,0.19980882657703117,0.08134235989045595,0.009977083653211594,0.06754466520330935,0.0
58,40620.48759834,0.00031673999910708517,"[-0.0019683158858222645, 0.004766021969301317, -0.008376421279666544, 0.0, 0.0, 0.0, 0.0]","[-0.0019683158858222645, 0.004766021969301317, -0.008376421279666544]","[-0.0019683158858222645, 0.004766021969301317, -0.008376421279666544]","[-0.12480724563492437, 0.2, 0.0643688992035866]","[-0.001968315885822261, 0.00024973150374346664, -0.008376421279666549]",0,0.00983634415281885,0.00983634415281885,0.00983634415281885,0.0,False,True,False,0.6,,"[-0.0019683158858222645, 0.004766021969301317, -0.008376421279666544]","[-0.0019683158858222645, 0.004766021969301317, -0.008376421279666544]",0.00983634415281885,0.00983634415281885,0.00983634415281885,0.0,0.0,red,-0.07116807997226715,0.24537844955921173,0.009977093897759914,-0.12283892974910211,0.19975026849625654,0.07274532048325315,0.009977083653211594,0.068933356394231,0.0
59,40621.07363561,0.0003128629978164099,"[-0.002827311151350532, 0.005660834056738418, 0.0029000293405854367, 0.0, 0.0, 0.0, 0.0]","[-0.002827311151350532, 0.005660834056738418, 0.0029000293405854367]","[-0.002827311151350532, 0.005660834056738418, 0.0029000293405854367]","[-0.12743182517204057, 0.2, 0.0670431503306209]","[-0.0028273111513505284, 0.0002852589453824217, 0.0029000293405854333]",0,0.006960524458741382,0.006960524458741382,0.006960524458741382,0.0,False,True,False,0.6,,"[-0.002827311151350532, 0.005660834056738418, 0.0029000293405854367]","[-0.002827311151350532, 0.005660834056738418, 0.0029000293405854367]",0.006960524458741382,0.006960524458741382,0.006960524458741382,0.0,0.011344465616722756,red,-0.07116807997226715,0.24537844955921173,0.009977093897759914,-0.12460451402069005,0.1997147410546176,0.06414312099003547,0.009977083653211594,0.07028959210440755,0.0
60,40621.665913597,0.00027770800079451874,"[-0.0019683158858222645, 0.004766021969301317, -0.0073126051834163566, 0.0, 0.0, 0.0, 0.0]","[-0.0019683158858222645, 0.004766021969301317, -0.0073126051834163566]","[-0.0019683158858222645, 0.004766021969301317, -0.0073126051834163566]","[-0.12918177204456688, 0.2, 0.05839524388348614]","[-0.001968315885822275, 0.0003415327444221683, -0.007312605183416358]",0,0.008947816907311574,0.008947816907311574,0.008947816907311574,0.0,False,True,False,0.6,,"[-0.0019683158858222645, 0.004766021969301317, -0.0073126051834163566]","[-0.0019683158858222645, 0.004766021969301317, -0.0073126051834163566]",0.008947816907311574,0.008947816907311574,0.008947816907311574,0.0,0.010287685136067143,red,-0.07116807997226715,0.24537844955921173,0.009977093897759914,-0.1272134561587446,0.19965846725557784,0.0657078490669025,0.009977083653211594,0.07232842438300706,0.0
61,40622.248584046,0.0003135639999527484,"[0.00037439847470937745, -0.000938405088110206, -0.007383526256499702, 0.0, 0.0, 0.0, 0.0]","[0.00037439847470937745, -0.000938405088110206, -0.007383526256499702]","[0.00037439847470937745, -0.000938405088110206, -0.007383526256499702]","[-0.12858269998745417, 0.19873151491027108, 0.050665457619572855]","[0.0003743984747093809, -0.0009384050881102168, -0.007383526256499705]",0,0.007452331065356419,0.007452331065356419,0.007452331065356419,0.0,False,True,False,0.6,,"[0.00037439847470937745, -0.000938405088110206, -0.007383526256499702]","[0.00037439847470937745, -0.000938405088110206, -0.007383526256499702]",0.007452331065356419,0.007452331065356419,0.007452331065356419,0.0,0.006167157240331818,red,-0.07116807997226715,0.24537844955921173,0.009977093897759914,-0.12895709846216355,0.1996699199983813,0.05804898387607256,0.009977083653211594,0.07368066457788568,0.0
62,40622.826772984,0.0003255359988543205,"[0.00029630799602498904, -0.0007147020662509306, -0.009865763814416806, 0.0, 0.0, 0.0, 0.0]","[0.00029630799602498904, -0.0007147020662509306, -0.009865763814416806]","[0.00029630799602498904, -0.0007147020662509306, -0.009865763814416806]","[-0.1281603320152397, 0.19782208605506188, 0.04044590739690283]","[0.00029630799602498037, -0.0007147020662509329, -0.009865763814416804]",0,0.009896054421529205,0.009896054421529205,0.009896054421529205,0.0,False,True,False,0.6,,"[0.00029630799602498904, -0.0007147020662509306, -0.009865763814416806]","[0.00029630799602498904, -0.0007147020662509306, -0.009865763814416806]",0.009896054421529205,0.009896054421529205,0.009896054421529205,0.0,0.002493520494959766,red,-0.07116807997226715,0.24537844955921173,0.009977093897759914,-0.12845664001126467,0.1985367881213128,0.05031167121131964,0.009977083653211594,0.07400081322258945,0.0
63,40623.588217224,0.00025601699599064887,"[0.00037439847470937745, -0.0008824793326453874, -0.005468657283249367, 0.0, 0.0, 0.0, 0.0]","[0.00037439847470937745, -0.0008824793326453874, -0.005468657283249367]","[0.00037439847470937745, -0.0008824793326453874, -0.005468657283249367]","[-0.12762592319769436, 0.19669271729362223, 0.03490192589989893]","[0.0003743984747093809, -0.000882479332645375, -0.005468657283249363]",0,0.005552040748413803,0.005552040748413803,0.005552040748413803,0.0,False,True,False,0.6,,"[0.00037439847470937745, -0.0008824793326453874, -0.005468657283249367]","[0.00037439847470937745, -0.0008824793326453874, -0.005468657283249367]",0.005552040748413803,0.005552040748413803,0.005552040748413803,0.0,0.004400999111612646,red,-0.07116807997226715,0.24537844955921173,0.009977093897759914,-0.12800032167240374,0.1975751966262676,0.0403705831831483,0.009977083653211594,0.07426341419322018,0.0
64,40624.14292239,0.0003113999991910532,"[0.00037439847470937745, -0.0007706278217157493, -0.00305734079841561, 0.0, 0.0, 0.0, 0.996078431372549]","[0.00037439847470937745, -0.0007706278217157493, -0.00305734079841561]","[0.00037439847470937745, -0.0007706278217157493, -0.00305734079841561]","[-0.12705249183920345, 0.1956541479255811, 0.03134695792104924]","[0.0003743984747093809, -0.000770627821715747, -0.00305734079841561]",0,0.9960834918920266,0.003175117984441471,0.003175117984441471,0.0,False,True,False,0.6,,"[0.00037439847470937745, -0.0007706278217157493, -0.00305734079841561]","[0.00037439847470937745, -0.0007706278217157493, -0.00305734079841561]",0.003175117984441471,0.003175117984441471,0.003175117984441471,0.0,0.0024139092672526585,red,-0.07116807997226715,0.24537844955921173,0.009977093897759914,-0.12742689031391283,0.19642477574729686,0.03440429871946485,0.009977083653211594,0.07457557187672528,0.996078431372549
65,40624.776298955,0.0002794699976220727,"[0.00014012703865621048, -0.0002672960225323798, -0.001284313971331965, 0.0, 0.0, 0.0, 0.996078431372549]","[0.00014012703865621048, -0.0002672960225323798, -0.001284313971331965]","[0.00014012703865621048, -0.0002672960225323798, -0.001284313971331965]","[-0.12671101027360687, 0.1950767993303427, 0.029347231543674718]","[0.00014012703865620701, -0.0002672960225323928, -0.001284313971331965]",0,0.9960793050709996,0.0013192972097229164,0.0013192972097229164,0.0,False,True,False,0.6,,"[0.00014012703865621048, -0.0002672960225323798, -0.001284313971331965]","[0.00014012703865621048, -0.0002672960225323798, -0.001284313971331965]",0.0013192972097229164,0.0013192972097229164,0.0013192972097229164,0.0,0.001857915535049395,red,-0.07116807997226715,0.24537844955921173,0.009977093897759914,-0.12685113731226308,0.19534409535287509,0.030631545515006683,0.009977083653211594,0.07486013275151489,0.996078431372549
66,40625.393085581,0.00031807299819774926,"[0.00014012703865621048, -0.0002672960225323798, -0.001284313971331965, 0.0, 0.0, 0.0, 0.996078431372549]","[0.00014012703865621048, -0.0002672960225323798, -0.001284313971331965]","[0.00014012703865621048, -0.0002672960225323798, -0.001284313971331965]","[-0.12633119365109743, 0.1944404877730547, 0.027182838499790325]","[0.00014012703865620701, -0.0002672960225323928, -0.001284313971331965]",0,0.9960793050709996,0.0013192972097229164,0.0013192972097229164,0.0,False,True,False,0.6,,"[0.00014012703865621048, -0.0002672960225323798, -0.001284313971331965]","[0.00014012703865621048, -0.0002672960225323798, -0.001284313971331965]",0.0013192972097229164,0.0013192972097229164,0.0013192972097229164,0.0,0.0,red,-0.07116807997226715,0.24537844955921173,0.009977093897759914,-0.12647132068975364,0.1947077837955871,0.02846715247112229,0.009977083653211594,0.07500643174278601,0.996078431372549
67,40626.004286319,0.0002570389988250099,"[0.00014012703865621048, -0.0004350732889268367, 0.0009851603673350987, 0.0, 0.0, 0.0, 0.996078431372549]","[0.00014012703865621048, -0.0004350732889268367, 0.0009851603673350987]","[0.00014012703865621048, -0.0004350732889268367, 0.0009851603673350987]","[-0.1259453342859616, 0.1936271953140048, 0.02729810002907491]","[0.00014012703865620701, -0.00043507328892683494, 0.0009851603673350987]",0,0.9960790234268068,0.001086031907021152,0.001086031907021152,0.0,False,True,False,0.6,,"[0.00014012703865621048, -0.0004350732889268367, 0.0009851603673350987]","[0.00014012703865621048, -0.0004350732889268367, 0.0009851603673350987]",0.001086031907021152,0.001086031907021152,0.001086031907021152,0.0,0.0022756675910569854,red,-0.07116807997226715,0.24537844955921173,0.009977093897759914,-0.12608546132461781,0.19406226860293163,0.026312939661739813,0.009977083653211594,0.07516162054225013,0.996078431372549
68,40626.632462096,0.0002543239970691502,"[0.00014012703865621048, -0.0004350732889268367, 0.0009851603673350987, 0.0, 0.0, 0.0, 0.996078431372549]","[0.00014012703865621048, -0.0004350732889268367, 0.0009851603673350987]","[0.00014012703865621048, -0.0004350732889268367, 0.0009851603673350987]","[-0.1255659530089049, 0.19282431659825297, 0.027207951409012197]","[0.00014012703865620701, -0.00043507328892683494, 0.0009851603673350987]",0,0.9960790234268068,0.001086031907021152,0.001086031907021152,0.0,False,True,False,0.6,,"[0.00014012703865621048, -0.0004350732889268367, 0.0009851603673350987]","[0.00014012703865621048, -0.0004350732889268367, 0.0009851603673350987]",0.001086031907021152,0.001086031907021152,0.001086031907021152,0.0,0.0,red,-0.07116807997226715,0.24537844955921173,0.009977093897759914,-0.12570608004756112,0.1932593898871798,0.026222791041677098,0.009977083653211594,0.07543732387425729,0.996078431372549
69,40627.268500846,0.0002588629940873943,"[0.00014012703865621048, -0.0004350732889268367, 0.0009851603673350987, 0.0, 0.0, 0.0, 0.996078431372549]","[0.00014012703865621048, -0.0004350732889268367, 0.0009851603673350987]","[0.00014012703865621048, -0.0004350732889268367, 0.0009851603673350987]","[-0.125188345031327, 0.19202457994812352, 0.027137506217312164]","[0.00014012703865620701, -0.00043507328892683494, 0.0009851603673350987]",0,0.9960790234268068,0.001086031907021152,0.001086031907021152,0.0,False,True,False,0.6,,"[0.00014012703865621048, -0.0004350732889268367, 0.0009851603673350987]","[0.00014012703865621048, -0.0004350732889268367, 0.0009851603673350987]",0.001086031907021152,0.001086031907021152,0.001086031907021152,0.0,0.0,red,-0.07116807997226715,0.24537844955921173,0.009977093897759914,-0.1253284720699832,0.19245965323705036,0.026152345849977065,0.009977083653211594,0.07572150999791766,0.996078431372549
70,40627.903951259,0.0002798019995680079,"[0.00014012703865621048, -0.0004350732889268367, 0.0010560814404184451, 0.0, 0.0, 0.0, 0.996078431372549]","[0.00014012703865621048, -0.0004350732889268367, 0.0010560814404184451]","[0.00014012703865621048, -0.0004350732889268367, 0.0010560814404184451]","[-0.12481240127474894, 0.1912278135169024, 0.027149868588613277]","[0.00014012703865620701, -0.00043507328892683494, 0.0010560814404184451]",0,0.9960790960952651,0.0011507529545895035,0.0011507529545895035,0.0,False,True,False,0.6,,"[0.00014012703865621048, -0.0004350732889268367, 0.0010560814404184451]","[0.00014012703865621048, -0.0004350732889268367, 0.0010560814404184451]",0.0011507529545895035,0.0011507529545895035,0.0011507529545895035,0.0,7.09210730833465e-05,red,-0.07116807997226715,0.24537844955921173,0.009977093897759914,-0.12495252831340514,0.19166288680582924,0.02609378714819483,0.009977083653211594,0.07601400242898089,0.996078431372549
71,40628.487361232,0.00022544999956153333,"[0.00014012703865621048, -0.0004350732889268367, 0.0010560814404184451, 0.0, 0.0, 0.0, 0.996078431372549]","[0.00014012703865621048, -0.0004350732889268367, 0.0010560814404184451]","[0.00014012703865621048, -0.0004350732889268367, 0.0010560814404184451]","[-0.12443482927884691, 0.19042896809168094, 0.02715462665033349]","[0.00014012703865620701, -0.00043507328892683494, 0.0010560814404184451]",0,0.9960790960952651,0.0011507529545895035,0.0011507529545895035,0.0,False,True,False,0.6,,"[0.00014012703865621048, -0.0004350732889268367, 0.0010560814404184451]","[0.00014012703865621048, -0.0004350732889268367, 0.0010560814404184451]",0.0011507529545895035,0.0011507529545895035,0.0011507529545895035,0.0,0.0,red,-0.07116807997226715,0.24537844955921173,0.009977093897759914,-0.12457495631750312,0.19086404138060778,0.026098545209915044,0.009977083653211594,0.0763158904817258,0.996078431372549
72,40629.112593467,0.0003062210016651079,"[0.00014012703865621048, -0.0004350732889268367, 0.0010560814404184451, 0.0, 0.0, 0.0, 0.996078431372549]","[0.00014012703865621048, -0.0004350732889268367, 0.0010560814404184451]","[0.00014012703865621048, -0.0004350732889268367, 0.0010560814404184451]","[-0.12405867473770363, 0.18963271270832646, 0.02717564637012159]","[0.00014012703865620701, -0.00043507328892683494, 0.0010560814404184451]",0,0.9960790960952651,0.0011507529545895035,0.0011507529545895035,0.0,False,True,False,0.6,,"[0.00014012703865621048, -0.0004350732889268367, 0.0010560814404184451]","[0.00014012703865621048, -0.0004350732889268367, 0.0010560814404184451]",0.0011507529545895035,0.0011507529545895035,0.0011507529545895035,0.0,0.0,red,-0.07116807997226715,0.24537844955921173,0.009977093897759914,-0.12419880177635984,0.1900677859972533,0.026119564929703146,0.009977083653211594,0.07662588961132671,0.996078431372549
73,40629.714752914,0.00020241700258338824,"[0.00014012703865621048, -0.0004350732889268367, 0.0010560814404184451, 0.0, 0.0, 0.0, 0.996078431372549]","[0.00014012703865621048, -0.0004350732889268367, 0.0010560814404184451]","[0.00014012703865621048, -0.0004350732889268367, 0.0010560814404184451]","[-0.12368358667194213, 0.18883850758282936, 0.027207623057384334]","[0.00014012703865620701, -0.00043507328892683494, 0.0010560814404184451]",0,0.9960790960952651,0.0011507529545895035,0.0011507529545895035,0.0,False,True,False,0.6,,"[0.00014012703865621048, -0.0004350732889268367, 0.0010560814404184451]","[0.00014012703865621048, -0.0004350732889268367, 0.0010560814404184451]",0.0011507529545895035,0.0011507529545895035,0.0011507529545895035,0.0,0.0,red,-0.07116807997226715,0.24537844955921173,0.009977093897759914,-0.12382371371059833,0.1892735808717562,0.02615154161696589,0.009977083653211594,0.07694395398484477,0.996078431372549
74,40630.359302814,0.00021616299636662006,"[0.00014012703865621048, -0.0004350732889268367, 0.0010560814404184451, 0.0, 0.0, 0.0, 0.996078431372549]","[0.00014012703865621048, -0.0004350732889268367, 0.0010560814404184451]","[0.00014012703865621048, -0.0004350732889268367, 0.0010560814404184451]","[-0.12331026379559887, 0.18804741749230958, 0.027250577783109683]","[0.00014012703865620701, -0.00043507328892683494, 0.0010560814404184451]",0,0.9960790960952651,0.0011507529545895035,0.0011507529545895035,0.0,False,True,False,0.6,,"[0.00014012703865621048, -0.0004350732889268367, 0.0010560814404184451]","[0.00014012703865621048, -0.0004350732889268367, 0.0010560814404184451]",0.0011507529545895035,0.0011507529545895035,0.0011507529545895035,0.0,0.0,red,-0.07116807997226715,0.24537844955921173,0.009977093897759914,-0.12345039083425507,0.1884824907812364,0.026194496342691238,0.009977083653211594,0.07726959398323902,0.996078431372549
75,40631.007098002,0.00024467599723720923,"[0.00014012703865621048, -0.0004350732889268367, 0.0010560814404184451, 0.0, 0.0, 0.0, 0.996078431372549]","[0.00014012703865621048, -0.0004350732889268367, 0.0010560814404184451]","[0.00014012703865621048, -0.0004350732889268367, 0.0010560814404184451]","[-0.12293709390997892, 0.18725697914920034, 0.027302482960391013]","[0.00014012703865620701, -0.00043507328892683494, 0.0010560814404184451]",0,0.9960790960952651,0.0011507529545895035,0.0011507529545895035,0.0,False,True,False,0.6,,"[0.00014012703865621048, -0.0004350732889268367, 0.0010560814404184451]","[0.00014012703865621048, -0.0004350732889268367, 0.0010560814404184451]",0.0011507529545895035,0.0011507529545895035,0.0011507529545895035,0.0,0.0,red,-0.07116807997226715,0.24537844955921173,0.009977093897759914,-0.12307722094863513,0.18769205243812717,0.026246401519972568,0.009977083653211594,0.07760334612448047,0.996078431372549
76,40631.632214295,0.00025428400113014504,"[0.00014012703865621048, -0.0004909990443916553, 0.0010560814404184451, 0.0, 0.0, 0.0, 0.996078431372549]","[0.00014012703865621048, -0.0004909990443916553, 0.0010560814404184451]","[0.00014012703865621048, -0.0004909990443916553, 0.0010560814404184451]","[-0.1225648827952707, 0.18641249540715066, 0.027363929445719172]","[0.00014012703865620701, -0.000490999044391649, 0.0010560814404184451]",0,0.9960791220928462,0.0011730403477086266,0.0011730403477086266,0.0,False,True,False,0.6,,"[0.00014012703865621048, -0.0004909990443916553, 0.0010560814404184451]","[0.00014012703865621048, -0.0004909990443916553, 0.0010560814404184451]",0.0011730403477086266,0.0011730403477086266,0.0011730403477086266,0.0,5.5925755464818596e-05,red,-0.07116807997226715,0.24537844955921173,0.009977093897759914,-0.1227050098339269,0.1869034944515423,0.026307848005300727,0.009977083653211594,0.07794469522943553,0.996078431372549
77,40632.365787547,0.0003313769993837923,"[0.00014012703865621048, -0.0004350732889268367, 0.0010560814404184451, 0.0, 0.0, 0.0, 0.996078431372549]","[0.00014012703865621048, -0.0004350732889268367, 0.0010560814404184451]","[0.00014012703865621048, -0.0004350732889268367, 0.0010560814404184451]","[-0.12218501479444935, 0.18563987113638838, 0.027441649570769427]","[0.00014012703865620701, -0.00043507328892683494, 0.0010560814404184451]",0,0.9960790960952651,0.0011507529545895035,0.0011507529545895035,0.0,False,True,False,0.6,,"[0.00014012703865621048, -0.0004350732889268367, 0.0010560814404184451]","[0.00014012703865621048, -0.0004350732889268367, 0.0010560814404184451]",0.0011507529545895035,0.0011507529545895035,0.0011507529545895035,0.0,5.5925755464818596e-05,red,-0.07116807997226715,0.24537844955921173,0.009977093897759914,-0.12232514183310556,0.18607494442531522,0.02638556813035098,0.009977083653211594,0.078319542257343,0.996078431372549
78,40632.983320901,0.00025438399461563677,"[0.00014012703865621048, -0.0004350732889268367, 0.0010560814404184451, 0.0, 0.0, 0.0, 0.996078431372549]","[0.00014012703865621048, -0.0004350732889268367, 0.0010560814404184451]","[0.00014012703865621048, -0.0004350732889268367, 0.0010560814404184451]","[-0.12181548756390806, 0.18485628730851641, 0.027525160314153]","[0.00014012703865620701, -0.00043507328892683494, 0.0010560814404184451]",0,0.9960790960952651,0.0011507529545895035,0.0011507529545895035,0.0,False,True,False,0.6,,"[0.00014012703865621048, -0.0004350732889268367, 0.0010560814404184451]","[0.00014012703865621048, -0.0004350732889268367, 0.0010560814404184451]",0.0011507529545895035,0.0011507529545895035,0.0011507529545895035,0.0,0.0,red,-0.07116807997226715,0.24537844955921173,0.009977093897759914,-0.12195561460256427,0.18529136059744325,0.026469078873734554,0.009977083653211594,0.07867548496020287,0.996078431372549
79,40633.602848113,0.00033767900458769873,"[0.00014012703865621048, -0.0004350732889268367, 0.0010560814404184451, 0.0, 0.0, 0.0, 0.996078431372549]","[0.00014012703865621048, -0.0004350732889268367, 0.0010560814404184451]","[0.00014012703865621048, -0.0004350732889268367, 0.0010560814404184451]","[-0.12144628479359051, 0.18407361452291846, 0.02761440631402656]","[0.00014012703865620701, -0.00043507328892683494, 0.0010560814404184451]",0,0.9960790960952651,0.0011507529545895035,0.0011507529545895035,0.0,False,True,False,0.6,,"[0.00014012703865621048, -0.0004350732889268367, 0.0010560814404184451]","[0.00014012703865621048, -0.0004350732889268367, 0.0010560814404184451]",0.0011507529545895035,0.0011507529545895035,0.0011507529545895035,0.0,0.0,red,-0.07116807997226715,0.24537844955921173,0.009977093897759914,-0.12158641183224672,0.1845086878118453,0.026558324873608114,0.009977083653211594,0.07903882642552447,0.996078431372549
80,40634.221116198,0.0003118009990430437,"[0.00014012703865621048, -0.0004350732889268367, 0.0010560814404184451, 0.0, 0.0, 0.0, 0.996078431372549]","[0.00014012703865621048, -0.0004350732889268367, 0.0010560814404184451]","[0.00014012703865621048, -0.0004350732889268367, 0.0010560814404184451]","[-0.12107799132984137, 0.18329273981110433, 0.027711920451954655]","[0.00014012703865620701, -0.00043507328892683494, 0.0010560814404184451]",0,0.9960790960952651,0.0011507529545895035,0.0011507529545895035,0.0,False,True,False,0.6,,"[0.00014012703865621048, -0.0004350732889268367, 0.0010560814404184451]","[0.00014012703865621048, -0.0004350732889268367, 0.0010560814404184451]",0.0011507529545895035,0.0011507529545895035,0.0011507529545895035,0.0,0.0,red,-0.07116807997226715,0.24537844955921173,0.009977093897759914,-0.12121811836849758,0.18372781310003117,0.02665583901153621,0.009977083653211594,0.07940911357826748,0.996078431372549
81,40634.861749967,0.0002030179966823198,"[0.00014012703865621048, -0.0004909990443916553, 0.0010560814404184451, 0.0, 0.0, 0.0, 0.996078431372549]","[0.00014012703865621048, -0.0004909990443916553, 0.0010560814404184451]","[0.00014012703865621048, -0.0004909990443916553, 0.0010560814404184451]","[-0.12071331152459042, 0.1824618299676954, 0.027820139791418612]","[0.00014012703865620701, -0.000490999044391649, 0.0010560814404184451]",0,0.9960791220928462,0.0011730403477086266,0.0011730403477086266,0.0,False,True,False,0.6,,"[0.00014012703865621048, -0.0004909990443916553, 0.0010560814404184451]","[0.00014012703865621048, -0.0004909990443916553, 0.0010560814404184451]",0.0011730403477086266,0.0011730403477086266,0.0011730403477086266,0.0,5.5925755464818596e-05,red,-0.07116807997226715,0.24537844955921173,0.009977093897759914,-0.12085343856324662,0.18295282901208704,0.026764058351000167,0.009977083653211594,0.07978466618973733,0.996078431372549
82,40635.491828249,0.000338490994181484,"[0.00014012703865621048, -0.0004350732889268367, 0.0010560814404184451, 0.0, 0.0, 0.0, 0.996078431372549]","[0.00014012703865621048, -0.0004350732889268367, 0.0010560814404184451]","[0.00014012703865621048, -0.0004350732889268367, 0.0010560814404184451]","[-0.12033645740698713, 0.18170320108547766, 0.02794736979148266]","[0.00014012703865620701, -0.00043507328892683494, 0.0010560814404184451]",0,0.9960790960952651,0.0011507529545895035,0.0011507529545895035,0.0,False,True,False,0.6,,"[0.00014012703865621048, -0.0004350732889268367, 0.0010560814404184451]","[0.00014012703865621048, -0.0004350732889268367, 0.0010560814404184451]",0.0011507529545895035,0.0011507529545895035,0.0011507529545895035,0.0,5.5925755464818596e-05,red,-0.07116807997226715,0.24537844955921173,0.009977093897759914,-0.12047658444564334,0.1821382743744045,0.026891288351064215,0.009977083653211594,0.08019132353818628,0.996078431372549
83,40636.123667781,0.00026241900195600465,"[0.00014012703865621048, -0.0004350732889268367, 0.0010560814404184451, 0.0, 0.0, 0.0, 0.996078431372549]","[0.00014012703865621048, -0.0004350732889268367, 0.0010560814404184451]","[0.00014012703865621048, -0.0004350732889268367, 0.0010560814404184451]","[-0.11997192466116444, 0.18092931103249046, 0.028073053281370986]","[0.00014012703865620701, -0.00043507328892683494, 0.0010560814404184451]",0,0.9960790960952651,0.0011507529545895035,0.0011507529545895035,0.0,False,True,False,0.6,,"[0.00014012703865621048, -0.0004350732889268367, 0.0010560814404184451]","[0.00014012703865621048, -0.0004350732889268367, 0.0010560814404184451]",0.0011507529545895035,0.0011507529545895035,0.0011507529545895035,0.0,0.0,red,-0.07116807997226715,0.24537844955921173,0.009977093897759914,-0.12011205169982064,0.1813643843214173,0.02701697184095254,0.009977083653211594,0.0805810952813137,0.996078431372549
84,40636.851283679,0.00030075999529799446,"[0.00014012703865621048, -0.0004350732889268367, 0.0010560814404184451, 0.0, 0.0, 0.0, 0.996078431372549]","[0.00014012703865621048, -0.0004350732889268367, 0.0010560814404184451]","[0.00014012703865621048, -0.0004350732889268367, 0.0010560814404184451]","[-0.11961125074670254, 0.18016165890635563, 0.028219245908998644]","[0.00014012703865620701, -0.00043507328892683494, 0.0010560814404184451]",0,0.9960790960952651,0.0011507529545895035,0.0011507529545895035,0.0,False,True,False,0.6,,"[0.00014012703865621048, -0.0004350732889268367, 0.0010560814404184451]","[0.00014012703865621048, -0.0004350732889268367, 0.0010560814404184451]",0.0011507529545895035,0.0011507529545895035,0.0011507529545895035,0.0,0.0,red,-0.07116807997226715,0.24537844955921173,0.009977093897759914,-0.11975137778535874,0.18059673219528247,0.0271631644685802,0.009977083653211594,0.08097535261433299,0.996078431372549
85,40637.434570811,0.0002003940026042983,"[0.00014012703865621048, -0.0003232217779971986, -0.0014261561174986562, 0.0, 0.0, 0.0, 0.996078431372549]","[0.00014012703865621048, -0.0003232217779971986, -0.0014261561174986562]","[0.00014012703865621048, -0.0003232217779971986, -0.0014261561174986562]","[-0.11925509401598125, 0.17951307527005583, 0.025895096860758395]","[0.00014012703865620701, -0.00032322177799720686, -0.001426156117498658]",0,0.9960795146346371,0.0014690232047905405,0.0014690232047905405,0.0,False,True,False,0.6,,"[0.00014012703865621048, -0.0003232217779971986, -0.0014261561174986562]","[0.00014012703865621048, -0.0003232217779971986, -0.0014261561174986562]",0.0014690232047905405,0.0014690232047905405,0.0014690232047905405,0.0,0.0024847563370341765,red,-0.07116807997226715,0.24537844955921173,0.009977093897759914,-0.11939522105463746,0.17983629704805304,0.027321252978257052,0.009977083653211594,0.0813734040874218,0.996078431372549
86,40638.006875692,0.0003413559970795177,"[0.00014012703865621048, -0.0004909990443916553, 0.0010560814404184451, 0.0, 0.0, 0.0, 0.996078431372549]","[0.00014012703865621048, -0.0004909990443916553, 0.0010560814404184451]","[0.00014012703865621048, -0.0004909990443916553, 0.0010560814404184451]","[-0.11888640214241995, 0.17867803715882258, 0.02628752205977615]","[0.00014012703865620701, -0.000490999044391649, 0.0010560814404184451]",0,0.9960791220928462,0.0011730403477086266,0.0011730403477086266,0.0,False,True,False,0.6,,"[0.00014012703865621048, -0.0004909990443916553, 0.0010560814404184451]","[0.00014012703865621048, -0.0004909990443916553, 0.0010560814404184451]",0.0011730403477086266,0.0011730403477086266,0.0011730403477086266,0.0,0.002487901224939015,red,-0.07116807997226715,0.24537844955921173,0.009977093897759914,-0.11902652918107616,0.17916903620321423,0.025231440619357705,0.009977083653211594,0.08169527267607038,0.996078431372549
87,40638.651726633,0.0003243239989387803,"[0.00014012703865621048, -0.0004909990443916553, 0.0010560814404184451, 0.0, 0.0, 0.0, 0.996078431372549]","[0.00014012703865621048, -0.0004909990443916553, 0.0010560814404184451]","[0.00014012703865621048, -0.0004909990443916553, 0.0010560814404184451]","[-0.118526298368631, 0.1778564700429841, 0.026461440162555593]","[0.00014012703865620701, -0.000490999044391649, 0.0010560814404184451]",0,0.9960791220928462,0.0011730403477086266,0.0011730403477086266,0.0,False,True,False,0.6,,"[0.00014012703865621048, -0.0004909990443916553, 0.0010560814404184451]","[0.00014012703865621048, -0.0004909990443916553, 0.0010560814404184451]",0.0011730403477086266,0.0011730403477086266,0.0011730403477086266,0.0,0.0,red,-0.07116807997226715,0.24537844955921173,0.009977093897759914,-0.11866642540728721,0.17834746908737575,0.025405358722137148,0.009977083653211594,0.08215378970005065,0.996078431372549
88,40639.279202779,0.0003131640041829087,"[0.00014012703865621048, -0.0004909990443916553, 0.0010560814404184451, 0.0, 0.0, 0.0, 0.996078431372549]","[0.00014012703865621048, -0.0004909990443916553, 0.0010560814404184451]","[0.00014012703865621048, -0.0004909990443916553, 0.0010560814404184451]","[-0.11816679225083074, 0.17703632055348714, 0.026641223046797446]","[0.00014012703865620701, -0.000490999044391649, 0.0010560814404184451]",0,0.9960791220928462,0.0011730403477086266,0.0011730403477086266,0.0,False,True,False,0.6,,"[0.00014012703865621048, -0.0004909990443916553, 0.0010560814404184451]","[0.00014012703865621048, -0.0004909990443916553, 0.0010560814404184451]",0.0011730403477086266,0.0011730403477086266,0.0011730403477086266,0.0,0.0,red,-0.07116807997226715,0.24537844955921173,0.009977093897759914,-0.11830691928948694,0.1775273195978788,0.025585141606379,0.009977083653211594,0.0826186783312609,0.996078431372549
89,40639.904531206,0.0002550749995862134,"[0.00014012703865621048, -0.0004909990443916553, 0.0010560814404184451, 0.0, 0.0, 0.0, 0.996078431372549]","[0.00014012703865621048, -0.0004909990443916553, 0.0010560814404184451]","[0.00014012703865621048, -0.0004909990443916553, 0.0010560814404184451]","[-0.11780836494591046, 0.17621830886636738, 0.026828167117788296]","[0.00014012703865620701, -0.000490999044391649, 0.0010560814404184451]",0,0.9960791220928462,0.0011730403477086266,0.0011730403477086266,0.0,False,True,False,0.6,,"[0.00014012703865621048, -0.0004909990443916553, 0.0010560814404184451]","[0.00014012703865621048, -0.0004909990443916553, 0.0010560814404184451]",0.0011730403477086266,0.0011730403477086266,0.0011730403477086266,0.0,0.0,red,-0.07116807997226715,0.24537844955921173,0.009977093897759914,-0.11794849198456667,0.17670930791075903,0.02577208567736985,0.009977083653211594,0.08308945759105518,0.996078431372549
